0.0        	0.05	    0.15	    0.25    	0.5	        0.75       	1
1.00E+00    2.40E-02	2.35E-02	2.24E-02	2.09E-02	1.99E-02	1.88E-02
2.00E+00    7.78E-03	7.45E-03	7.01E-03	6.31E-03	5.79E-03	5.38E-03
3.00E+00    3.83E-03	3.65E-03	3.47E-03	3.03E-03	2.74E-03	2.47E-03
5.00E+00   	1.61E-03	1.50E-03	1.41E-03	1.20E-03	1.07E-03	9.63E-04
1.00E+01    4.74E-04	4.22E-04	3.89E-04	3.31E-04	2.89E-04	2.77E-04
2.00E+01   	1.33E-04	1.15E-04	1.06E-04	8.72E-05	7.65E-05	7.19E-05
3.00E+01   	6.10E-05	5.34E-05	4.74E-05	4.01E-05	3.58E-05	3.23E-05
5.00E+01    2.34E-05	1.98E-05	1.77E-05	1.45E-05	1.28E-05	1.16E-05
1.00E+02    6.00E-06	5.00E-06	4.51E-06	3.59E-06	3.11E-06	2.80E-06
2.00E+02    1.49E-06	1.23E-06	1.10E-06	8.26E-07	7.37E-07	6.71E-07
3.00E+02    6.49E-07	5.34E-07	4.82E-07	3.71E-07	3.21E-07	2.69E-07
5.00E+02    2.18E-07	1.82E-07	1.67E-07	1.25E-07	1.02E-07	8.95E-08
1.00E+03    5.07E-08	4.26E-08	3.71E-08	2.72E-08	2.18E-08	1.82E-08
2.00E+03    1.14E-08	9.39E-09	7.93E-09	5.53E-09	4.10E-09	3.33E-09
3.00E+03    4.75E-09	3.77E-09	3.12E-09	2.08E-09	1.53E-09	1.21E-09
5.00E+03    1.50E-09	1.14E-09	9.37E-10	5.98E-10	4.28E-10	3.33E-10
1.00E+04    2.91E-10	2.08E-10	1.71E-10	1.01E-10	6.89E-11	5.27E-11

